1
11
1
0
0
0
1
0
0
9
7
5
9
8
1
3
3
3
2
1
4
5
6
7
8
9
0
0
3
4
4
2
2
3
4
5
6
7
8
56
4
34
23
4
5
6
7
8
98
6
4
32
4
5
56
6
7
7
7
8
8
9
4
23
2
3
4
5
6
7
8
9
6
54
3
2
2
3
4
4
5
6
6
7
7
8
8
9
7
6
5
4
3
2
2
2
3
4
6
7
5
3
7
8
9
97
24
6
5
5
46
7
1
2
3
24
33
6
5
5
4
4
3
7
4
4
9
3
9
0
4
6
5
2
4
4
5
6
7
8
9
0
1
2
4
5
67
2
7
3
4
5
6
7
6
8
1
2
3
4
5
6
7
8
9
4
5
6
7
7
8
9
7
3
3
4
6
7
86
78
9
4
2
1
1
3
4
5
6
7
6
7
6
4
3
2
4
5
6
7
8
9
6
4
3
2
3
4
5
6
7
8
6
12
29
5
6
7
8
4
9
5
7
6
6
4
3
2
8
8
9
6
4
3
2
3
0
5
6
7
8
6
12
23
5
6
7
7
9
6
4
3
2
3
4
5
14
7
8
6
12
23
5
6
7
5
6
7
8
3
5
6
6
7
8
3
5
5
6
7
87
9
2
1
3
4
55
6
7
8
8
3
5
6
7
8
9
4
2
3
5
6
7
8
9
9
5
4
3
23
5
67
86
4
4
34
2
4
5
8
6
6
4
5
1
3
8
9
5
