mode = 00
2
2
2
2
4
4
4
4
6
6
6
6
8
8
8
8
mode = 00
1
1
1
1
3
3
3
3
5
5
5
5
7
7
7
7
mode = 00
2
2
2
2
4
4
4
4
6
6
6
6
8
8
8
8
mode = 00
1
1
1
1
3
3
3
3
5
5
5
5
7
7
7
7
mode = 01
1
1
1
1
1
1
1
1
2
2
2
2
2
2
2
2
3
3
3
3
3
3
3
3
4
4
4
4
4
4
4
4
5
5
5
5
5
5
5
5
6
6
6
6
6
6
6
6
7
7
7
7
7
7
7
7
8
8
8
8
8
8
8
8
mode = 01
1
1
1
1
1
1
1
1
2
2
2
2
2
2
2
2
3
3
3
3
3
3
3
3
4
4
4
4
4
4
4
4
5
5
5
5
5
5
5
5
6
6
6
6
6
6
6
6
7
7
7
7
7
7
7
7
8
8
8
8
8
8
8
8
mode = 00
2
2
2
2
4
4
4
4
6
6
6
6
8
8
8
8
mode = 00
1
1
1
1
3
3
3
3
5
5
5
5
7
7
7
7
mode = 00
2
2
2
2
4
4
4
4
6
6
6
6
8
8
8
8
mode = 00
1
1
1
1
3
3
3
3
5
5
5
5
7
7
7
7
mode = 01
1
1
1
1
1
1
1
1
2
2
2
2
2
2
2
2
3
3
3
3
3
3
3
3
4
4
4
4
4
4
4
4
5
5
5
5
5
5
5
5
6
6
6
6
6
6
6
6
7
7
7
7
7
7
7
7
8
8
8
8
8
8
8
8
mode = 01
1
1
1
1
1
1
1
1
2
2
2
2
2
2
2
2
3
3
3
3
3
3
3
3
4
4
4
4
4
4
4
4
5
5
5
5
5
5
5
5
6
6
6
6
6
6
6
6
7
7
7
7
7
7
7
7
8
8
8
8
8
8
8
8
